;Команда;2-очк;;;3-очк;;;2+3-очк;;;штр з;штр б;штр %;Пд ч;Пд с;Пд в;РП;Ф иг;Ф на;Пт;Пх;Бш иг;Бш на;Эфф;пропуск;пропуск;разн;пропуск;пропуск;Турнир;пропуск;Очки;Сезон
1;29;17;24;70.83333333;11;27;40.74074074;28;51;54.90196078;16;21;76.19047619;4;30;34;23;18;24;14;10;6;3;114;83;55;28;44;72;1;1;83;17
2;11;23;35;65.71428571;14;29;48.27586207;37;64;57.8125;16;17;94.11764706;6;23;29;22;15;17;10;11;5;4;133;104;64;40;53;81;1;2;104;17
3;10;18;36;50;7;25;28;25;61;40.98360656;18;25;72;11;22;33;12;26;24;13;13;0;3;72;75;70;5;43;86;2;1;75;17
4;24;27;43;62.79069767;12;28;42.85714286;39;71;54.92957746;16;20;80;13;31;44;29;17;20;8;7;0;0;142;106;69;37;55;91;1;3;106;17
5;15;24;43;55.81395349;8;24;33.33333333;32;67;47.76119403;13;22;59.09090909;11;29;40;24;28;25;13;7;6;1;101;85;77;8;45;89;2;2;85;17
6;30;18;34;52.94117647;11;27;40.74074074;29;61;47.54098361;16;22;72.72727273;11;25;36;25;20;22;11;6;2;1;106;85;78;7;45;83;2;3;85;17
7;22;20;45;44.44444444;6;21;28.57142857;26;66;39.39393939;17;21;80.95238095;9;22;31;12;26;23;10;3;2;3;63;75;92;-17;43;87;2;4;75;17
8;3;11;22;50;10;30;33.33333333;21;52;40.38461538;20;26;76.92307692;6;27;33;14;22;24;13;5;6;2;80;72;71;1;41;78;1;4;72;17
9;25;21;39;53.84615385;9;24;37.5;30;63;47.61904762;17;18;94.44444444;9;25;34;19;24;23;17;12;3;2;100;86;80;6;47;81;2;5;86;17
10;31;16;30;53.33333333;9;26;34.61538462;25;56;44.64285714;22;33;66.66666667;8;18;26;14;27;25;12;6;0;2;73;81;96;-15;47;89;1;5;81;17
11;6;21;41;51.2195122;8;24;33.33333333;29;65;44.61538462;25;33;75.75757576;13;28;41;19;20;24;11;10;3;3;110;91;90;1;54;98;2;6;91;17
12;23;21;44;47.72727273;5;21;23.80952381;26;65;40;8;18;44.44444444;11;18;29;13;21;23;9;6;4;2;59;65;93;-28;34;83;2;7;65;17
13;19;20;35;57.14285714;7;25;28;27;60;45;8;12;66.66666667;11;25;36;18;17;13;20;10;9;2;79;69;77;-8;35;72;2;8;69;17
14;16;17;37;45.94594595;7;26;26.92307692;24;63;38.0952381;11;18;61.11111111;10;30;40;16;22;21;12;2;8;1;74;66;76;-10;35;81;1;6;66;17
15;28;13;32;40.625;10;27;37.03703704;23;59;38.98305085;11;14;78.57142857;10;22;32;14;24;18;10;7;2;2;65;67;71;-4;34;73;2;9;67;17
16;39;23;39;58.97435897;10;20;50;33;59;55.93220339;6;13;46.15384615;5;22;27;20;17;19;11;3;1;2;89;82;73;9;39;72;2;10;82;17
17;27;17;27;62.96296296;9;24;37.5;26;51;50.98039216;18;21;85.71428571;7;23;30;18;25;19;17;2;3;0;87;79;80;-1;44;72;1;7;79;17
18;20;23;34;67.64705882;7;22;31.81818182;30;56;53.57142857;10;11;90.90909091;7;26;33;13;23;19;14;6;0;3;81;77;71;6;40;67;2;11;77;17
19;21;24;46;52.17391304;7;33;21.21212121;31;79;39.24050633;21;40;52.5;25;21;46;17;27;33;9;7;4;0;88;90;87;3;52;119;1;8;90;17
20;26;14;23;60.86956522;16;37;43.24324324;30;60;50;8;8;100;10;18;28;22;13;13;12;4;1;1;96;84;93;-9;38;68;2;12;84;17
21;2;12;28;42.85714286;17;35;48.57142857;29;63;46.03174603;11;12;91.66666667;8;21;29;23;23;16;10;11;1;3;95;86;68;18;40;75;2;13;86;17
22;31;18;39;46.15384615;7;23;30.43478261;25;62;40.32258065;11;18;61.11111111;10;20;30;15;26;21;11;7;5;5;60;68;79;-11;36;80;2;14;68;17
23;14;25;47;53.19148936;7;17;41.17647059;32;64;50;21;26;80.76923077;14;30;44;16;24;25;12;10;6;4;119;92;62;30;53;90;1;9;92;17
24;5;9;20;45;10;29;34.48275862;19;49;38.7755102;17;19;89.47368421;2;18;20;19;17;19;13;6;3;2;68;65;79;-14;36;68;2;15;65;17
25;39;12;29;41.37931034;12;30;40;24;59;40.6779661;14;20;70;12;22;34;16;26;25;12;9;4;0;83;74;70;4;38;79;2;16;74;17
26;17;11;23;47.82608696;14;39;35.8974359;25;62;40.32258065;20;26;76.92307692;9;19;28;17;25;27;9;7;4;0;88;84;92;-8;45;88;1;10;84;17
27;25;17;33;51.51515152;12;30;40;29;63;46.03174603;8;16;50;6;21;27;18;26;19;13;11;3;3;72;78;95;-17;37;79;2;17;78;17
28;30;17;37;45.94594595;10;28;35.71428571;27;65;41.53846154;15;20;75;12;26;38;17;22;17;9;6;3;0;86;79;70;9;42;85;2;18;79;17
29;22;19;36;52.77777778;13;29;44.82758621;32;65;49.23076923;5;6;83.33333333;12;27;39;19;22;16;12;10;4;1;101;82;54;28;37;71;2;19;82;17
30;18;14;26;53.84615385;12;29;41.37931034;26;55;47.27272727;14;18;77.77777778;10;14;24;18;21;22;13;3;4;2;81;78;93;-15;40;73;1;11;78;17
31;10;15;26;57.69230769;15;39;38.46153846;30;65;46.15384615;8;11;72.72727273;9;22;31;21;20;14;7;6;2;2;90;83;85;-2;38;76;2;20;83;17
32;1;24;37;64.86486486;8;28;28.57142857;32;65;49.23076923;16;31;51.61290323;10;28;38;18;22;24;9;8;5;1;100;88;75;13;48;96;1;12;88;17
33;26;20;30;66.66666667;5;33;15.15151515;25;63;39.68253968;13;14;92.85714286;16;28;44;10;20;19;12;5;5;2;78;68;66;2;38;77;2;21;68;17
34;31;22;35;62.85714286;5;25;20;27;60;45;12;18;66.66666667;8;28;36;13;24;19;11;3;5;2;78;71;90;-19;39;78;1;13;71;17
35;15;15;30;50;11;29;37.93103448;26;59;44.06779661;21;26;80.76923077;13;19;32;22;25;24;8;6;6;2;101;84;74;10;47;85;2;22;84;17
36;11;21;37;56.75675676;7;28;25;28;65;43.07692308;10;16;62.5;12;26;38;21;20;18;10;8;2;1;89;73;77;-4;38;81;1;14;73;17
37;16;20;30;66.66666667;16;31;51.61290323;36;61;59.01639344;10;11;90.90909091;7;30;37;30;26;19;15;6;6;0;136;98;80;18;46;72;1;15;98;17
38;23;19;34;55.88235294;8;23;34.7826087;27;57;47.36842105;16;18;88.88888889;13;29;42;16;24;23;16;5;2;1;93;78;61;17;43;75;2;23;78;17
39;6;15;35;42.85714286;12;32;37.5;27;67;40.29850746;11;13;84.61538462;10;20;30;17;26;17;7;5;4;5;70;77;87;-10;38;80;2;24;77;17
40;21;19;40;47.5;7;23;30.43478261;26;63;41.26984127;23;29;79.31034483;13;19;32;17;21;22;7;9;1;1;91;82;79;3;49;92;1;16;82;17
41;20;19;40;47.5;9;26;34.61538462;28;66;42.42424242;12;18;66.66666667;14;17;31;17;23;19;10;10;3;4;76;77;86;-9;40;84;2;25;77;17
42;5;23;35;65.71428571;7;25;28;30;60;50;12;15;80;8;27;35;21;27;25;14;2;1;0;91;79;84;-5;42;75;1;17;79;17
43;19;27;42;64.28571429;8;30;26.66666667;35;72;48.61111111;16;19;84.21052632;14;23;37;21;20;18;10;5;2;2;105;94;91;3;51;91;2;26;94;17
44;2;20;32;62.5;11;29;37.93103448;31;61;50.81967213;12;17;70.58823529;12;23;35;27;22;17;13;9;3;3;103;85;73;12;43;78;2;27;85;17
45;31;22;36;61.11111111;5;16;31.25;27;52;51.92307692;14;19;73.68421053;8;13;21;17;18;21;17;5;4;1;75;73;90;-17;41;71;2;28;73;17
46;27;17;32;53.125;7;25;28;24;57;42.10526316;25;35;71.42857143;14;26;40;17;22;29;19;8;3;4;86;80;83;-3;49;92;1;18;80;17
47;28;12;30;40;11;29;37.93103448;23;59;38.98305085;7;13;53.84615385;13;15;28;16;26;21;8;3;1;3;54;64;73;-9;30;72;2;29;64;17
48;17;18;34;52.94117647;16;21;76.19047619;34;55;61.81818182;12;20;60;3;27;30;30;23;21;13;9;4;0;127;96;85;11;46;75;1;19;96;17
49;5;17;29;58.62068966;12;31;38.70967742;29;60;48.33333333;12;14;85.71428571;10;19;29;24;19;20;15;10;2;1;99;82;86;-4;41;74;2;30;82;17
50;24;26;35;74.28571429;6;20;30;32;55;58.18181818;20;25;80;6;29;35;21;20;22;17;6;4;0;111;90;87;3;52;80;1;20;90;17
51;29;14;32;43.75;13;26;50;27;58;46.55172414;15;26;57.69230769;12;20;32;20;21;21;6;8;3;4;97;82;79;3;42;84;1;21;82;17
52;31;19;31;61.29032258;14;36;38.88888889;33;67;49.25373134;15;20;75;11;14;25;19;33;23;11;4;6;3;86;95;98;-3;48;87;2;31;95;17
53;31;13;30;43.33333333;13;30;43.33333333;26;60;43.33333333;19;22;86.36363636;12;23;35;16;22;21;14;4;2;3;86;84;89;-5;45;82;2;32;84;17
54;31;20;36;55.55555556;7;22;31.81818182;27;58;46.55172414;18;23;78.26086957;4;28;32;13;23;23;14;10;5;2;87;79;73;6;45;81;2;33;79;17
55;31;16;25;64;12;28;42.85714286;28;53;52.83018868;20;27;74.07407407;9;23;32;19;27;26;17;6;5;1;99;88;89;-1;48;80;2;34;88;17
56;1;20;33;60.60606061;13;29;44.82758621;33;62;53.22580645;13;14;92.85714286;5;21;26;22;25;16;16;5;3;1;102;92;104;-12;46;76;1;22;92;17
57;18;17;30;56.66666667;10;32;31.25;27;62;43.5483871;19;29;65.51724138;10;19;29;23;29;24;12;12;2;2;92;83;90;-7;46;91;1;23;83;17
58;14;15;33;45.45454545;12;25;48;27;58;46.55172414;23;28;82.14285714;9;18;27;21;20;25;12;8;3;5;100;89;84;5;50;86;1;24;89;17
59;18;13;21;61.9047619;13;33;39.39393939;26;54;48.14814815;14;19;73.68421053;8;26;34;16;21;23;14;7;5;0;94;79;66;13;40;73;1;25;79;17
60;18;15;25;60;9;30;30;24;55;43.63636364;20;25;80;10;26;36;16;24;29;12;8;2;1;91;77;72;5;44;80;1;26;77;17
61;18;10;22;45.45454545;14;32;43.75;24;54;44.44444444;24;29;82.75862069;10;25;35;16;28;29;10;8;6;0;106;86;73;13;48;83;1;27;86;17
62;27;16;33;48.48484848;10;30;33.33333333;26;63;41.26984127;14;18;77.77777778;13;24;37;14;17;20;13;9;4;6;86;76;71;5;40;81;1;28;76;17
63;31;19;29;65.51724138;8;25;32;27;54;50;22;31;70.96774194;8;20;28;16;24;28;12;2;1;0;83;84;95;-11;49;85;1;29;84;17
